Training...
Epoch: 0/1 | Execution Time: 0.003178000000000125 sec | Loss: 10.109999656677246Training...
Epoch: 0/25 | Execution Time: 42.424124000000006 sec | Loss: 0.6887860894203186Epoch: 1/25 | Execution Time: 76.139698 sec | Loss: 0.5456017851829529Epoch: 2/25 | Execution Time: 109.77147900000001 sec | Loss: 0.3683544397354126Epoch: 3/25 | Execution Time: 143.49696999999998 sec | Loss: 0.17603524029254913Epoch: 4/25 | Execution Time: 177.197545 sec | Loss: 0.18537041544914246Epoch: 5/25 | Execution Time: 210.88181400000002 sec | Loss: 0.17985586822032928Epoch: 6/25 | Execution Time: 244.49463299999996 sec | Loss: 0.0628066286444664Epoch: 7/25 | Execution Time: 278.218952 sec | Loss: 0.07540258020162582Epoch: 8/25 | Execution Time: 311.869914 sec | Loss: 0.10180927067995071Epoch: 9/25 | Execution Time: 345.492103 sec | Loss: 0.12194167822599411Epoch: 10/25 | Execution Time: 379.06901799999997 sec | Loss: 0.06810139864683151Epoch: 11/25 | Execution Time: 412.609869 sec | Loss: 0.0878932848572731Epoch: 12/25 | Execution Time: 446.218103 sec | Loss: 0.10642678290605545Epoch: 13/25 | Execution Time: 479.828785 sec | Loss: 0.09815718233585358Epoch: 14/25 | Execution Time: 513.400724 sec | Loss: 0.04551367089152336Epoch: 15/25 | Execution Time: 547.04707 sec | Loss: 0.08250271528959274Epoch: 16/25 | Execution Time: 580.525838 sec | Loss: 0.09443722665309906Epoch: 17/25 | Execution Time: 614.078882 sec | Loss: 0.031119078397750854Epoch: 18/25 | Execution Time: 647.653809 sec | Loss: 0.060009852051734924Epoch: 19/25 | Execution Time: 681.207848 sec | Loss: 0.0986693874001503Epoch: 20/25 | Execution Time: 714.728377 sec | Loss: 0.031514234840869904Epoch: 21/25 | Execution Time: 748.212935 sec | Loss: 0.026285672560334206Epoch: 22/25 | Execution Time: 781.783703 sec | Loss: 0.031793851405382156Epoch: 23/25 | Execution Time: 815.419431 sec | Loss: 0.02333615906536579Epoch: 24/25 | Execution Time: 848.923006 sec | Loss: 0.09471888840198517